460
461.4
462.8
464.2
465.6
467
468.4
469.8
471.2
472.6
474
475.4
476.8
478.2
479.6
481
482.4
483.8
485.2
486.6
488
489.4
490.8
492.2
493.6
495
496.4
497.8
499.2
500.6
502
503.4
504.8
506.2
507.6
509
510.4
511.8
513.2
514.6
516
517.4
518.8
520.2
521.6
523
524.4
525.8
527.2
528.6
530
531.4
532.8
534.2
535.6
537
538.4
539.8
541.2
542.6
544
545.4
546.8
548.2
549.6
551
552.4
553.8
555.2
556.6
558
559.4
560.8
562.2
563.6
565
566.4
567.8
569.2
570.6
572
573.4
574.8
576.2
577.6
579
580.4
581.8
583.2
584.6
586
587.4
588.8
590.2
591.6
593
594.4
595.8
597.2
598.6
600
